# Created by Octave 5.0.0, Mon May 21 11:53:56 2018 UTC <root@951ddbea83f6>
# name: seed
# type: uint32 matrix
# ndims: 2
 625 1
 2147483648
 3394689096
 1397831446
 3123839687
 1479519530
 2667002733
 361401936
 1873059098
 4243791868
 1016528845
 2098195604
 3796807227
 197549582
 4162375235
 1448189418
 2552237285
 1169182870
 4039441411
 4012156407
 3449671997
 1067902012
 1354379730
 4104134188
 3039833589
 1458799757
 3435026373
 2035624557
 224402736
 507165183
 1679857220
 3700810518
 443652944
 2524288343
 1146562460
 3534229355
 2742907386
 256592303
 697910613
 3483844577
 2024279030
 1696091260
 3571563079
 722579067
 4269348370
 3344248183
 3027340126
 21993375
 3847633403
 2813251239
 2906163673
 3470460528
 4244308275
 3051939619
 2915123489
 161412878
 326802200
 3023227396
 4266290307
 3484334925
 1175964307
 2316639738
 3083467719
 1399523935
 318553731
 2878463699
 2033275668
 4095542232
 964416639
 620869719
 1152246515
 2871636499
 2137137849
 151057829
 2565252553
 556238257
 3589916575
 1636690726
 1675971969
 2141930116
 927969826
 855944149
 4277182055
 2378714363
 3393675408
 3525060185
 4092205597
 2750435739
 2099961335
 1958516519
 2138818583
 1102995266
 2298404789
 1516501083
 3204910982
 1368745741
 766191667
 2573859696
 3722645912
 2396941806
 926765449
 2489948705
 1626770888
 3906741008
 3314428827
 1566408884
 3477647812
 244665289
 3233976344
 1445621529
 2502669585
 3231019100
 3777083218
 1386031757
 906493773
 1195331943
 2084390436
 3784040791
 4287355104
 1285062171
 732506866
 2533562302
 1353350230
 2836619633
 4005901646
 761586918
 2155241790
 91595893
 2497908817
 333057676
 3216040548
 2948597428
 3383875624
 3220285807
 1526892538
 432309612
 2253769982
 2248082333
 4173769898
 2046759012
 968879432
 990601223
 3957260771
 1715698164
 1364256301
 3658651224
 3815106012
 600728065
 4151444148
 231839873
 2308817426
 2637203708
 45548375
 2057900099
 1102740975
 3028547432
 4116841070
 2744061563
 1382216173
 3874307605
 3909136910
 1889062830
 3749774586
 2407267737
 2471981586
 760535408
 3525393751
 2128535117
 431173920
 779475359
 1462832017
 3806704950
 4214579058
 669127874
 99965843
 2214022799
 4260030663
 1414745731
 681295570
 3918919083
 1072135578
 376610421
 995988149
 188571059
 4107177385
 2645173349
 2512885624
 2932998462
 2157043177
 2264860246
 2155027166
 4168506991
 2628798500
 971566369
 2292370754
 3456042257
 1339800438
 1954696810
 1669668849
 2879424406
 4218845074
 147583824
 4130819426
 2834254611
 3941287260
 3803647537
 3759287468
 2911033534
 3831258271
 1218701441
 4287509780
 3049637302
 2244415323
 1107252283
 1507362419
 3429215728
 1560156092
 268042616
 2738742586
 114416340
 1273713673
 506694910
 3677169982
 4293875474
 2925792689
 1168504945
 1680561655
 3048356949
 417023467
 478121161
 2059530661
 1474995623
 1098523547
 2585006209
 707615567
 395977400
 1915948039
 311068864
 178740461
 3077959763
 3171922105
 1203492814
 4027538812
 900535188
 2417924186
 1716999930
 140635584
 814006429
 23791684
 3581813699
 2488397791
 4117406940
 655385253
 3811991437
 3328294937
 1900085955
 1819722022
 1526890759
 4101931357
 942515652
 3769353586
 4118551739
 2509344995
 3061473064
 3220214861
 1515083197
 2678467501
 4211446898
 3613737541
 388883951
 4222542322
 2883322888
 3551712487
 2432361596
 1345703820
 3784269578
 4121799755
 2547497347
 3250455601
 3033254902
 242309303
 986308383
 2064416117
 2093830803
 354131545
 3147675109
 3619918729
 448138732
 2681474486
 889147921
 116849075
 1611609570
 3641856755
 3945268408
 2038352481
 2172841308
 3851085667
 2569650050
 724592732
 2622107347
 2468907512
 378392842
 4027335817
 80660835
 3232010403
 3559413184
 3456737370
 2494091594
 3588189078
 3300547989
 326939218
 89473707
 1533909710
 3133020925
 3698367353
 745593299
 3813730843
 2302704906
 901314983
 923051699
 1646834288
 1107495366
 1868012668
 356715762
 2803241199
 258935044
 2712894594
 2238455610
 3732059883
 616038522
 2556381495
 2882221737
 477409536
 1669425532
 440547071
 2481360904
 1184885852
 2908563354
 1882727770
 2453918106
 1096047827
 3665587929
 3653499272
 3851924600
 1365934890
 1312036415
 3360864884
 3851095032
 751764164
 3079990966
 3803849375
 3278997685
 1523764753
 4154861719
 3382879334
 2451520890
 3973461914
 4181423395
 592526733
 3119530445
 2678566245
 1534158047
 4058530574
 2913481482
 2231064326
 3487105268
 2392207873
 1852501399
 1969535284
 2124666997
 3732098500
 3308691063
 1043989950
 3586394392
 2790841239
 3217629298
 2653545022
 2084084986
 4160420353
 1709318152
 3784932227
 4280356365
 3409998635
 1931321013
 2622190888
 1239481546
 3248593506
 3253434629
 1600122668
 3568272240
 1284192524
 3738570792
 3104697918
 2308740869
 3510517124
 2266790379
 819378973
 2934409513
 3296754064
 1725054103
 2484944454
 3256299336
 2013852948
 3547665293
 2467927922
 3297485075
 2579201157
 1779953943
 4184930260
 1393291777
 883436236
 2912528134
 216063459
 3934401737
 2405541373
 1939510623
 520518141
 4113346288
 2044171324
 558197733
 184835970
 2668740192
 4011082063
 196068595
 2035138052
 3135991304
 713813122
 1450670599
 717123623
 4065651223
 3355052239
 2112837343
 667708337
 2527783213
 1533049788
 1009882852
 2938826725
 2423090334
 3606218182
 2565206912
 3586734750
 3554402075
 1703362024
 1850669261
 439525222
 3997199938
 781742067
 3019248067
 3817128585
 3088989183
 2753555969
 859249851
 3655030409
 1082050632
 2178951259
 1986561412
 2118203164
 2830141492
 998100141
 2644538267
 4249682109
 3271898702
 1805960703
 1888989254
 3102342118
 2420625480
 2817606674
 2738053115
 2161570884
 2163983684
 1026565945
 3753032580
 200410251
 3471099407
 538131377
 4260643398
 3902750479
 4010924215
 576872995
 4138534393
 2501264276
 1248767032
 1815162924
 596201818
 4189761343
 2830213919
 3679488930
 4095345425
 603469390
 161017162
 2962969234
 4272267009
 489215079
 1855419558
 2145508070
 2089876427
 2669740113
 681585067
 3989611219
 1396102847
 772982159
 1956981424
 1594423721
 12858734
 1803160279
 3241844493
 2051744603
 2561880593
 1797645209
 581711519
 1126174296
 3874594652
 3154919564
 1331379424
 2840767666
 2127773834
 777318359
 2191156398
 4288742571
 809213475
 664094376
 2163494167
 3632124252
 4085898393
 1256712108
 3813920807
 401246131
 2416165073
 754575526
 2963850899
 2828990430
 3975289477
 665313489
 141705834
 3630040582
 2134234970
 2097183302
 581605204
 4158633953
 3710017518
 2962722375
 3860099190
 564450405
 2415361879
 3070834374
 2837425005
 3642478861
 1408155718
 524701358
 3177969659
 1272284908
 3630406817
 3443344297
 2666376224
 1119000079
 2561248771
 4106661584
 1016863512
 3224552550
 2279302686
 3085166586
 2534718650
 3536604791
 946397550
 3744080637
 1075080697
 1091930653
 2834497614
 3083489490
 3760002714
 417043095
 1736057131
 1878932440
 2611386499
 3919342532
 599971736
 1457074547
 292229640
 3068070168
 405544044
 2700807642
 3929707388
 4249937143
 946419262
 2469646308
 3424741252
 2823070270
 2508671821
 702613362
 2900731514
 329074470
 1821756258
 227611263
 2564824509
 3223159513
 771309037
 3777722900
 2588235937
 1282978180
 123676604
 4215006357
 329496199
 692142478
 3595946982
 957161678
 1950908077
 2527219614
 1465793131
 474353268
 1188262016
 701212297
 115305123
 1250852149
 2816354253
 2190694811
 3307692974
 1179438113
 1734762903
 1506961122
 365795242
 2762461082
 1983017146
 3367852592
 3379716966
 200204411
 1


