# Created by Octave 4.3.0+, Mon Jun 04 16:20:23 2018 UTC <root@da414ed26bf9>
# name: temp
# type: scalar
603.02224730533146


