# Created by Octave 4.3.0+, Wed Jun 06 23:11:27 2018 UTC <root@da414ed26bf9>
# name: temp
# type: scalar
-30090.314629812801


