# Created by Octave 4.3.0+, Wed Jun 06 23:35:44 2018 UTC <root@da414ed26bf9>
# name: temp
# type: scalar
4954.4756901205201


