# Created by Octave 4.3.0+, Wed Jun 06 23:33:19 2018 UTC <root@da414ed26bf9>
# name: temp
# type: scalar
5023.2282891776485


